[ 7.   0.3  7.   0.3] -4.31599361956
[ 7.2296875   0.30339844  7.51679688  0.29964844] -4.72049828004
[ 7.75946198  0.32221699  7.81362343  0.33014545] -4.89053398757
[ 7.7684313   0.31982686  7.7401377   0.34562781] -4.90327885809
[ 7.45104596  0.3737985   7.7257857   0.36230254] -4.94580310403
[ 7.42378646  0.41093586  7.53249171  0.47382235] -5.05466319049
[ 7.4521559   0.46790732  7.43992673  0.52950359] -5.07236705213
[ 7.37351679  0.4828595   7.43298263  0.54930074] -5.07775033303
[ 7.34938619  0.48644669  7.39208573  0.5450906 ] -5.07894357478
[ 7.32998735  0.49289178  7.37690966  0.55613939] -5.07925676466
[ 7.31742105  0.4928366   7.37674092  0.55264846] -5.07931565209
[ 7.31990076  0.49266399  7.37723886  0.55265651] -5.0793248473
[ 7.32227097  0.49282081  7.37723983  0.55336549] -5.0793269281
[ 7.32160358  0.49298882  7.37746221  0.55286331] -5.07932760445
[ 7.32129161  0.49286112  7.377694    0.55278309] -5.07932758155
[ 7.32143961  0.49315206  7.37757303  0.55310387] -5.0793278623
[ 7.32144651  0.49307329  7.37757332  0.5530975 ] -5.07932786386
[ 7.32138404  0.4930959   7.37755472  0.55305986] -5.07932787552
[ 7.32139576  0.4930972   7.37756878  0.55305602] -5.07932787592
[ 7.32139138  0.49310115  7.37757457  0.55305729] -5.07932787611
[ 7.32140468  0.49310128  7.37759542  0.55305247] -5.07932787621
[ 7.32140744  0.49310198  7.37759821  0.55305352] -5.07932787619
[ 7.3214019   0.49310029  7.3775889   0.55305499] -5.07932787622
[ 7.32140317  0.49310083  7.37759148  0.5530541 ] -5.07932787622
 final_simplex: (array([[ 7.32140261,  0.49310074,  7.3775913 ,  0.55305419],
       [ 7.32140296,  0.4931009 ,  7.37759135,  0.55305434],
       [ 7.32140317,  0.49310083,  7.37759148,  0.5530541 ],
       [ 7.321403  ,  0.49310108,  7.37759192,  0.55305397],
       [ 7.32140199,  0.49310099,  7.3775903 ,  0.55305439]]), array([-5.07932788, -5.07932788, -5.07932788, -5.07932788, -5.07932788]))
           fun: -5.0793278762209804
       message: 'Optimization terminated successfully.'
          nfev: 231
           nit: 129
        status: 0
       success: True
             x: array([ 7.32140261,  0.49310074,  7.3775913 ,  0.55305419])
